-10.5499601364
-6.93670272827
2.05460643768
-17.5412502289
-13.1662511826
-12.4130859375
1.04734325409
-22.9357337952
-12.8521366119
-5.37026023865
-10.5199108124
-18.7523078918
4.74056482315
-8.74392223358
-8.62592601776
-13.3433609009
-13.953083992
-14.3064947128
-4.97015285492
-17.0481033325
-14.7177724838
4.34093570709
-12.5415496826
-28.4554634094
-9.13681507111
-10.3469619751
-15.7104511261
7.66330623627
-29.9858264923
-4.7090716362
-1.74945902824
1.6072704792
-11.7577934265
-20.8967857361
-9.74200344086
5.91633844376
-3.25702476501
-37.4237518311
-12.1544151306
-11.8013277054
-30.2017288208
-32.3264846802
-2.30233001709
-17.8764133453
-7.09521102905
-10.7498035431
-1.4932744503
-6.64179086685
-2.71110653877
-14.9109926224
0.755027472973
-22.0510559082
-8.41753101349
-9.50198459625
-27.2693367004
-10.9930343628
-10.3286275864
-2.0303850174
-10.7227230072
-10.4927740097
-3.42942976952
-19.3230514526
-5.66881465912
-31.397644043
-18.6683712006
-2.82454609871
-20.8909397125
-10.9912309647
-12.3985958099
-10.5266952515
-5.3205909729
-24.6610126495
-4.82799196243
-10.1381168365
-5.69520044327
-25.7547912598
-33.3121795654
-31.914106369
-12.2591571808
14.5428256989
-4.04172468185
9.54574298859
-5.39248991013
-11.0461063385
-6.03978586197
-8.56516933441
-6.30417776108
-13.2784061432
-25.777929306
-22.0592670441
-21.2895011902
-1.10186028481
-24.9158115387
1.27335822582
-31.5301914215
-0.527638316154
-9.14395523071
-26.7733230591
-3.20206737518
-24.2000007629
-0.13682615757
2.50119447708
-35.664516449
2.24553537369
-17.8363113403
-20.1934700012
-11.3172674179
-12.4310407639
-23.9619007111
-42.6857299805
-12.6378631592
-14.4199094772
-16.8777313232
-25.4262428284
-3.66168999672
-29.3807926178
-19.3122444153
-19.0832920074
-18.2918891907
-9.05507087708
4.05277013779
-5.68724536896
-22.8863010406
0.0408026427031
-5.0609331131
-13.7045860291
-6.24123048782
-9.83990001678
-36.266658783
-11.6793842316
-9.71739196777
-13.051612854
-1.17629408836
-8.16189193726
-17.7726383209
-14.1609649658
-1.5054101944
-25.759021759
-34.2348365784
-1.37383520603
-21.7240409851
-27.6363182068
-18.1642990112
3.67077350616
-31.2367591858
1.25979602337
-18.6184978485
-19.2817707062
-6.85459566116
3.99558377266
-3.43533325195
1.35721874237
-13.9807415009
-26.4149284363
-7.1119222641
-22.0490646362
-11.3439397812
2.62183690071
-22.6818733215
-24.5429935455
-20.5071086884
-17.6700592041
-12.6717767715
7.64199399948
-14.6856365204
-18.1723632812
-28.234205246
-18.1117095947
-24.8346424103
-10.980553627
-6.51363945007
-15.7288284302
-16.3357753754
-24.48021698
-26.4637489319
-10.5507202148
5.24767303467
-6.44329357147
-17.2314414978
-18.7317066193
7.70497751236
-22.015668869
4.26846122742
-28.0429706573
-1.79905354977
-6.89336109161
-1.32245779037
-1.15112566948
-9.35729789734
23.1455726624
-17.6913337708
9.48624420166
0.871881425381
-29.5333557129
-5.58299064636
-3.70033621788
-16.2562389374
-17.6997814178
-19.7207336426
1.50533604622
-2.2878382206
11.3550415039
-15.1509714127
-0.193469524384
-12.2589492798
-1.81984579563
-27.7430534363
-0.400550842285
-25.292963028
0.869463264942
-3.1636698246
2.83440256119
-16.9676856995
-17.6376667023
-4.2637386322
-3.70086741447
-38.3240699768
-23.4267539978
1.5703138113
5.7759642601
5.34049415588
-15.3111953735
-10.2235593796
1.43384182453
-3.94874167442
-14.8029336929
5.77918243408
-8.74648094177
-0.74441498518
-12.8099679947
-20.5813007355
-19.7850112915
-25.1600418091
-27.3101634979
-17.9831237793
4.92360830307
-20.1924762726
1.3453245163
14.0064592361
-14.6615638733
-1.74262487888
-12.1612281799
-10.4611368179
7.08101654053
-31.3047981262
-16.6970996857
-21.0660438538
-0.446381747723
10.0274171829
-19.5999469757
-16.3604221344
-6.59172916412
-1.93580091
0.239002212882
-12.1810626984
-24.0592041016
7.04542922974
-0.769981086254
-1.61107802391
-2.82830667496
-14.3226499557
7.83383369446
3.7728664875
-24.1178531647
-14.124912262
-12.1975317001
-14.9511957169
-15.0228967667
-6.04806375504
-4.07176589966
1.76601421833
-15.0736923218
0.601318538189
2.90227103233
-20.1656475067
-7.11800384521
-15.4130964279
-28.119808197
5.59164571762
1.19173836708
-16.0531253815
-8.8736076355
-21.6193828583
-29.0102500916
-14.0108385086
-13.0855760574
-11.4460372925
15.8531599045
-22.2518959045
-20.9911842346
-7.57157754898
-10.4142627716
-22.6730308533
-20.9940986633
-5.87459278107
-20.4618911743
-4.46628570557
-0.925920307636
6.58468008041
-13.1616239548
-21.7412071228
-3.80942678452
-1.83140194416
-19.5206413269
-8.75918865204
-16.8329162598
-8.11050987244
-18.8878307343
-15.7962751389
-31.6737670898
12.3940315247
-3.01258516312
-18.988986969
-5.80082130432
-2.66934347153
-15.1007471085
-9.05582523346
-3.98652458191
-20.4110393524
11.2948846817
-8.05390262604
-16.6609172821
-29.8424873352
-24.2091312408
-8.71287727356
-11.0216856003
-10.8358564377
-36.9129638672
-11.8040714264
-5.68209028244
-3.47833800316
-6.79658746719
-5.40666723251
-12.3206110001
-6.4615073204
3.9214193821
-2.27543640137
-1.66621923447
-23.0952548981
3.04736065865
-18.8327980042
-0.334892421961
-18.0772266388
-15.9981737137
-1.4756758213
-0.432345986366
-31.9137039185
3.92637324333
-27.2390480042
-8.48573589325
-12.2487697601
-50.1239547729
-2.44808650017
1.47333240509
3.59258055687
-13.2386016846
-23.0896072388
-19.9581928253
-16.2519493103
-11.659655571
2.33145308495
0.892473757267
11.9767637253
-17.3447647095
-21.9474430084
1.77624189854
-3.47227478027
7.80707025528
0.0327543243766
-18.1152477264
-10.262093544
1.19324016571
-12.1255187988
-11.7417058945
-13.4019947052
-5.93946743011
0.549398899078
-20.2359275818
-5.50300598145
-18.6472148895
-21.4068546295
-14.4745359421
-18.1713752747
0.182433232665
-10.8297548294
-2.79846167564
-20.8130054474
-33.495677948
-4.28310775757
-19.7427635193
-7.35004329681
-12.430598259
-28.0569896698
-14.4560604095
-7.6583237648
-9.99987220764
-24.9855117798
-8.43358135223
-15.0414505005
-5.71609544754
6.91549634933
-9.47595310211
-20.0599822998
-21.286775589
-11.9978561401
-6.79218244553
0.243033528328
-2.49626898766
-18.1072845459
-28.4668483734
-3.40225291252
-15.1777582169
-10.4015054703
-1.64441895485
-27.3049850464
-13.9978876114
-14.1655473709
-7.99007463455
-14.0112876892
-11.1904706955
-22.6276855469
-18.5089569092
-7.15412282944
-22.7875537872
-17.8086872101
-14.9118719101
-6.46384334564
-7.19937849045
-1.50688505173
-44.8588829041
-9.19763374329
2.09154939651
-10.7977695465
1.32028841972
-10.761677742
-12.5390930176
-25.3765583038
-11.7757759094
-4.62570285797
-9.40017604828
-7.6086640358
-18.0944633484
-29.645242691
-18.3368759155
-26.927116394
-7.19248199463
6.31117963791
-47.8643951416
-3.87779426575
-5.19290685654
-30.5781097412
-11.7651052475
11.3718032837
-22.1733551025
-7.46165704727
-31.9496936798
-11.6909656525
-12.6413869858
-14.1461191177
-3.94226336479
-16.8425064087
-17.0345096588
-18.1137180328
-29.0717163086
-10.2223043442
-17.9051113129
-2.00794410706
-0.522082328796
-3.44175887108
-1.76036512852
-14.2407484055
-11.1650533676
-34.7343521118
-27.7668323517
-8.3088054657
-7.03548431396
-13.2208280563
-26.6783638
-15.8237085342
-13.9941158295
-8.09717273712
-17.5609283447
-2.61521172523
-6.98989057541
-8.82133865356
6.03097963333
-11.2040863037
-18.5318603516
-3.48254013062
-25.3208732605
-21.1019515991
-9.90742397308
-5.5898604393
-31.2819499969
-7.02021217346
-28.3545589447
-10.7297449112
-33.6309432983
0.0839208364487
-3.58534169197
-1.62884712219
-23.0676422119
-23.7276992798
-8.15590572357
5.84087944031
-8.91689968109
-30.9370250702
-7.25904273987
-29.7652263641
-21.7426967621
-19.997756958
-14.2232284546
-6.79865503311
-2.1251103878
-27.5905780792
-4.74916791916
3.49150395393
-10.42324543
-4.21347379684
-4.60932636261
-21.3587913513
-3.79308271408
-1.29863631725
-40.0874938965
-10.1741523743
-1.85100638866
-11.7871599197
-8.71634101868
-10.9714775085
-16.2153606415
-15.7257585526
-11.5891666412
-26.9835319519
-27.8745613098
-5.95505428314
-22.679681778
-20.4500827789
-17.2862815857
0.273639440536
-12.0865077972
-29.9113426208
-14.7394523621
-12.9191198349
2.28172516823
8.33238983154
-21.9621334076
-13.206489563
-9.40043735504
-10.8752632141
-12.4965200424
-4.33177185059
-14.397277832
-10.3792190552
-16.8017463684
-8.64320468903
-1.15424060822
-3.11000132561
-15.1121053696
-8.9992723465
-28.295009613
-15.682185173
-23.0008068085
-38.5554618835
3.61067438126
-22.7285614014
-0.705733478069
-23.3388633728
-21.4973545074
-22.2322635651
-3.4259493351
-23.1199054718
-30.2225551605
-5.49042129517
1.96892273426
-8.22694778442
0.0823722332716
-19.8250408173
1.79076910019
-8.39064025879
-2.11905407906
-8.84791469574
-24.2461013794
-14.6053056717
4.82932329178
-7.18927288055
-17.5625247955
12.6961698532
2.06357693672
-10.2681646347
-18.8604278564
1.4810385704
-10.1461200714
-16.6709709167
-13.9073123932
-17.8645915985
-33.2011184692
-15.1658430099
-1.29615473747
-9.82855892181
-18.7328605652
-15.4757804871
-29.2941570282
5.32839107513
-15.5839157104
-11.3680524826
-3.82463359833
-16.9909420013
-14.0710430145
-15.5052909851
-16.0342254639
-0.00874458998442
-14.9670305252
-16.5703296661
-14.4175462723
7.69179868698
-25.6002292633
-25.5674419403
-18.191368103
-12.2003526688
-11.2404098511
-12.6716747284
-19.2790737152
-11.4346494675
-29.7864818573
3.87691259384
-0.010616466403
-5.88756036758
-19.3061847687
-4.0973534584
-4.23574972153
-11.8591909409
7.50525808334
-27.5025043488
-14.3333063126
-31.2947349548
-7.52213335037
-1.09025251865
-13.4333667755
-15.1803255081
-11.537607193
-12.0238456726
1.80713391304
-5.30711936951
-38.6702346802
-15.8395328522
-30.7685222626
-4.56041526794
-20.0689182281
-5.07828712463
-7.82240152359
-4.74735403061
4.58217668533
-6.19257879257
-26.8968257904
-21.2339916229
7.75580072403
-7.19027709961
-1.16574597359
-22.8630599976
-34.1078414917
3.27906537056
6.8819861412
-3.33697009087
-24.1029014587
-3.24816441536
-16.3516712189
-9.63579654694
-6.79683256149
-17.5063056946
-14.2256879807
-2.90501022339
-18.3041858673
-15.3281650543
-17.2874526978
-20.5410270691
-25.7085762024
-16.6226215363
-13.3771257401
-7.99341821671
-9.73189163208
-13.6987981796
-32.3131484985
8.20871829987
-19.8023166656
-35.0139694214
-10.422252655
-30.2271652222
-10.133515358
-26.1076946259
9.61993598938
-7.19552564621
3.53832316399
-7.95105743408
-3.98940396309
-9.21676445007
-4.05652332306
-12.7097215652
-27.7683544159
-14.8416366577
-26.2171382904
-16.9997196198
-1.09987318516
1.07269322872
5.98303794861
-3.21675872803
-21.3661460876
-24.4720973969
-11.237118721
-15.9173574448
-19.2031421661
-23.8066902161
-29.8506183624
1.44037008286
-16.8742675781
-11.4288759232
-17.6476993561
-7.16724300385
-9.58152866364
-20.6866054535
-16.7645072937
-21.1553783417
-16.5331230164
-31.5685653687
-9.88973045349
-28.8101043701
-21.2723655701
-10.7233667374
-7.92537975311
-30.1578865051
-30.6140670776
-13.6571865082
2.05522871017
-6.83552265167
-21.402923584
-14.3169336319
-14.5003538132
-3.13558602333
-32.1782035828
-7.06421709061
-30.6295337677
-2.898624897
-15.2208518982
-18.7210712433
-8.19742488861
4.03430652618
6.34383773804
-18.1959056854
-16.0141487122
-14.1640796661
-20.4287757874
-10.4993867874
-22.6738471985
-15.1292161942
-13.2493610382
-1.21305191517
-3.50479865074
-5.25639247894
-1.494546175
-12.6454343796
-24.2822704315
-34.8537559509
2.15550732613
3.9881746769
-27.6527881622
-29.6705970764
-30.1451625824
-6.50274467468
-8.53532981873
-7.24301290512
8.00818347931
6.77238702774
-30.7603645325
-14.8066530228
-7.52328157425
-14.1209793091
-23.757982254
-16.2987346649
-2.54232525826
-12.9021396637
-5.90302467346
-11.8824672699
-10.968624115
-17.8013553619
-21.619977951
-5.98903369904
-11.1332759857
3.56154632568
-9.42678546906
-26.5697402954
7.42640686035
-19.1593132019
16.1123714447
-7.4167766571
9.74336528778
-26.0875606537
-14.3409023285
-13.2776250839
-4.27376365662
-33.2281684875
-16.7327957153
-7.57530927658
4.23654699326
-19.2976055145
-2.31642365456
2.37962055206
-11.5395774841
-1.73013305664
-4.37498426437
-0.855725646019
-19.3260269165
-10.4352149963
-13.6185903549
-2.28102278709
-30.6848125458
-23.0152797699
-13.4913692474
-3.73136281967
-9.67617034912
0.614899635315
-29.8870716095
-26.7501316071
-18.99401474
-23.7270469666
-7.87695121765
-10.6221704483
-17.0438175201
-4.04699087143
-17.3460884094
-27.0655708313
-6.09055805206
-3.77431678772
-16.6547641754
-1.82831037045
0.351263731718
-17.1429405212
0.890311181545
-21.8291854858
-33.8560066223
-7.51507616043
-7.22571706772
-8.55646800995
-9.00403118134
-25.2733364105
-11.3546037674
-14.4769992828
-0.521500051022
-22.8145847321
1.10546898842
-16.8877792358
-7.24261379242
-4.05739164352
-15.6080150604
0.811653375626
-2.04755067825
-10.9223146439
-21.4169082642
-23.0377731323
10.0186910629
-9.39685916901
-17.4824581146
2.64126968384
-21.4887294769
-24.2344512939
-16.8227481842
-7.84738445282
-0.961205601692
-35.3559684753
-20.4443721771
-8.11119270325
-19.3425254822
-26.2125072479
2.64989495277
-8.2564201355
-6.36860990524
-7.76882123947
-10.0214624405
-7.15739393234
2.99368143082
-15.9254922867
-43.3848953247
-34.1734313965
-14.5045118332
-26.4764270782
-23.1126556396
-17.837594986
-11.5984973907
-20.6787948608
-4.54254961014
-30.9095878601
-25.5243816376
-4.74385309219
-12.3292140961
-33.1599998474
-7.65218019485
-7.27440214157
-0.957519829273
-0.0668388679624
1.02478837967
-21.1458034515
0.0824615955353
-10.6045312881
-3.52941966057
7.70784282684
-13.7719049454
-19.3407382965
-8.88322925568
-16.5694847107
-3.47784614563
-25.2328147888
-15.4095125198
8.43788433075
-15.8681201935
-19.0626430511
2.18197464943
6.00787878036
0.228472650051
-25.6681995392
-32.533367157
-10.5812034607
-15.2644834518
-1.65880548954
1.95204734802
-19.1476306915
-1.75225973129
-21.679441452
-28.159116745
-13.46941185
-3.06050038338
-26.2298946381
2.72082710266
-16.9541358948
-11.8753490448
-23.165184021
-0.454873859882
4.67337083817
-13.9026260376
-44.5483283997
-4.24075031281
-18.0530567169
-1.72579348087
-11.2460517883
4.92894887924
-18.6578350067
-9.43788528442
-7.36108636856
-8.88730335236
-16.5414714813
-9.08405685425
-16.3998317719
-12.1202812195
-14.1400289536
-22.7598457336
-16.7686653137
-3.39736580849
-8.21274471283
-3.32666277885
-22.4748096466
1.70760190487
-2.73083686829
-25.7893428802
-13.5461912155
-24.2108154297
-31.5438957214
-18.1051845551
-11.5608091354
7.3868765831
-5.91878080368
5.18363523483
-16.7711029053
-26.8063602448
5.12657785416
0.825983643532
-11.6069221497
-22.3984088898
-11.3104467392
-27.3798942566
-2.89173650742
-14.6538219452
-31.5397529602
-4.18782567978
-15.1933927536
-0.996728181839
-1.17276370525
-6.65231513977
-24.0766353607
-32.8724250793
-7.72047567368
-16.8688430786
4.48727321625
-16.5454063416
-29.7005710602
6.74086713791
3.43038368225
-11.8491983414
-10.7888422012
-6.12206554413
1.89547073841
-12.6968545914
-3.76137948036
-16.9457931519
-5.3495426178
-15.6381511688
-10.4089756012
-1.21209597588
-7.4660949707
-29.5274486542
-9.59270381927
-9.41533946991
-0.678407728672
-23.5113391876
-2.43867301941
-0.295197069645
-14.6800251007
-20.1596374512
-10.2081899643
-10.7896747589
-6.40076303482
-5.40071678162
-18.0840129852
-13.6657266617
-6.50286865234
-2.20556259155
-1.03433167934
-29.1018943787
5.18747901917
-5.50338554382
-26.2447433472
-25.3264369965
1.96639728546
-26.5622673035
2.18280673027
-13.9183635712
-2.24481940269
-0.589448034763
-9.04422950745
5.68899297714
-15.6223182678
-23.0953273773
-10.7523097992
-7.06664419174
-16.2305908203
-9.07730960846
-18.469581604
-9.06681537628
-2.73660206795
8.18586540222
-12.0079240799
1.84030747414
-23.6655292511
-9.7834186554
-4.55139064789
-12.14731884
-13.5620059967
-19.1166095734
-22.7420139313
-22.1427116394
-15.4541378021
-15.9012727737
4.75988578796
-28.4548625946
-15.9109096527
-1.3998966217
-3.7177324295
-15.5819311142
0.701956152916
5.73566102982
-14.6515331268
-25.9026679993
-23.046251297
-1.65024876595
-13.5642957687
5.20621442795
-19.8855381012
-10.8377399445
-6.30136537552
-42.8837394714
-7.62853002548
-7.36379337311
-14.3609380722
-15.3561439514
-23.9522762299
-6.64843273163
1.2659406662
-6.44763040543
-10.1866617203
-4.35225009918
9.4520483017
0.0549043640494
-11.1361274719
-13.5575332642
4.25445795059
-5.17276525497
-9.36169624329
-0.232291102409
-10.0642824173
-7.08211278915
-9.35889816284
0.0170841440558
-2.10241174698
-13.0340623856
-5.52097797394
-5.11597633362
-25.5215797424
-15.6726379395
-15.3589944839
-26.1947517395
2.78815293312
-14.1289072037
-3.82119894028
4.45692062378
1.26204121113
-16.793384552
-15.8897771835
-23.5682296753
-16.4955291748
0.0747738927603
-3.8767516613
-24.785982132
-11.0727672577
-10.7486743927
-4.42665719986
-7.62323999405
-4.25125694275
-3.93654441833
-17.3938541412
-23.7980213165
-9.83740139008
-6.52427339554
-27.2844944
-20.5218334198
-17.092004776
-22.7879905701
-1.40645861626
-13.958366394
-3.10536408424
-19.5216808319
-2.76461744308
-3.94884395599
-12.1972255707
-8.2724905014
-26.7534103394
-0.954844772816
-9.02817058563
-17.1212463379
-1.64755558968
-17.5855102539
-9.69183635712
-21.2633838654
4.36354064941
-2.41004943848
3.99905180931
-30.0359249115
-17.2902774811
-24.0542736053
-6.4492058754
-28.3170013428
-8.01215934753
-9.50152873993
-10.8947324753
-27.314207077
-22.3311347961
-10.079656601
-13.6769609451
-14.8963050842
4.22539663315
-24.6808586121
-8.6701631546
-14.4255571365
-8.56591510773
-27.571138382
-14.4324617386
-12.481637001
0.336795687675
0.871508479118
-14.6812238693
-8.9318151474
2.21266508102
-16.7567119598
-7.1056060791
-28.6887931824
-10.0511751175
-1.76654756069
1.09089767933
5.7279214859
-11.3889293671
-13.1013507843
-30.3874607086
10.7646141052
-12.0453271866
-16.6971988678
-17.8531017303
-0.914419412613
-14.7451334
-2.26291441917
-21.7073440552
-6.61308050156
0.631274342537
-23.1594696045
-1.88152194023
-13.7312393188
-21.2700214386
-19.3681621552
-31.1945991516
-10.8901071548
-4.3747177124
-4.74563837051
-19.1565341949
-10.301574707
-30.5168609619
-9.9866437912
6.65197467804
-5.42040205002
-8.46029663086
-18.1527061462
-4.90427970886
-20.9033355713
-30.6620101929
-7.81283283234
-7.23640823364
-16.8047008514
-13.5214748383
-8.22309589386
-34.4586715698
-1.5733217001
-16.6129512787
-14.2763576508
-22.0682239532
-10.1959161758
-9.32330989838
0.614190161228
-3.11787033081
-5.26620197296
-4.47047710419
-11.2074127197
-5.75538682938
-10.1023797989
-12.429315567
5.53284311295
-11.9670639038
9.31273365021
9.98356819153
-13.3473234177
5.4575252533
0.421511024237
-26.1751918793
-6.04801416397
-16.8687973022
-23.6603126526
-1.07041561604
1.3679921627
-9.96173000336
2.52875804901
-18.3810958862
-22.2209205627
-16.3745727539
-19.3186588287
3.1584148407
-19.5966510773
7.70795536041
-18.658996582
-14.3814687729
-33.3495559692
-23.0300445557
-35.5896949768
-10.4111976624
-18.3083457947
-4.62644958496
-17.6545619965
-5.30037593842
-26.4229202271
-16.1216773987
-24.1033229828
-11.0050430298
-29.2593727112
-1.50280761719
-18.2771205902
2.1607465744
6.56378221512
-4.56670665741
-12.8425645828
-19.3441734314
0.0271428152919
-6.80010271072
-10.3694534302
-3.04155278206
-6.1118388176
-3.96712589264
12.000462532
-18.554731369
-2.69450521469
-15.3828077316
3.01562643051
1.99923181534
6.25625658035
-14.3245410919
-14.6595544815
6.83052968979
-8.86042404175
-21.3929233551
-14.8358201981
-0.387727558613
-10.0979452133
-30.6710472107
-10.0306119919
-7.52847528458
-21.3577957153
-23.9842529297
-10.3596029282
-19.3086395264
-18.8253440857
-10.79941082
-6.17969751358
-16.5037326813
-19.611825943
-8.01517391205
-4.02015781403
-35.8380012512
-19.9430522919
5.28884649277
-12.637260437
-6.76559782028
-7.45364713669
-4.11184740067
-13.2332077026
-14.7121267319
-16.8490600586
-4.50959825516
3.7911670208
-34.8169059753
-36.0483665466
-23.2940196991
4.04347991943
-7.66117429733
2.03575944901
-22.4590969086
-9.51952075958
-17.4537658691
0.567434728146
-24.4962463379
-4.56417179108
-27.8859176636
-13.9362220764
-14.5778188705
-12.6941928864
-17.6096038818
-10.1083478928
-18.189535141
-0.88207089901
-4.40597343445
-10.7892770767
-13.6185760498
14.8454227448
-10.7022371292
-0.534813523293
-17.6936588287
-9.75535964966
-0.510661959648
-16.3691520691
-21.8778648376
-11.0811567307
-16.0158824921
-5.80838298798
-29.0443305969
11.695930481
-25.6289825439
-19.5548305511
-6.31825780869
-9.59460926056
-14.0923900604
-16.6764278412
-7.35418891907
-22.9730434418
-30.4805717468
-1.9495459795
-0.787146270275
-4.63876008987
0.373579949141
-7.1440320015
-6.51098203659
-9.54708862305
-23.7362060547
-20.4595165253
-6.81766986847
-1.34085655212
-15.683801651
-25.0866584778
-20.9681835175
-9.38401699066
-9.99924755096
-1.55651009083
-16.8554363251
-7.54741287231
-11.3763427734
-8.09761142731
-4.89897155762
-13.4578428268
-12.2793102264
-2.84517121315
-7.47822284698
-27.313501358
-12.4922761917
-17.0749187469
-4.12826251984
-16.1258525848
-28.4146900177
-7.99488449097
-19.0110015869
10.8477153778
-4.94956636429
-22.3118152618
-12.1939105988
2.68013191223
-27.6072711945
-18.4516506195
-11.6973676682
-6.82495546341
-33.6277656555
-12.6097564697
2.93184161186
-0.567364811897
-22.768655777
-17.0799617767
-21.5992565155
-9.52561950684
-6.23835515976
-31.8752727509
-31.6886177063
-15.687461853
-8.58498096466
-13.020573616
-12.1742525101
-23.0986843109
0.812701880932
-13.1051683426
-20.2280025482
-20.4129257202
1.2523368597
-9.679063797
-2.03624725342
-17.2670879364
-7.60712432861
-9.68405723572
1.93344926834
-19.1220493317
-11.1231412888
-29.6127529144
-11.1152038574
-20.602180481
-1.6939150095
8.84703159332
0.188297525048
-12.5154685974
-3.52482032776
-2.47810721397
3.71059036255
-20.7820301056
-23.0971832275
0.81856995821
-12.8126554489
1.70726776123
-2.61221051216
-16.73462677
-9.32757949829
-11.0617771149
1.5668091774
-17.8528804779
-18.4465141296
-19.9868888855
-24.3867340088
-0.784868896008
-9.68301963806
-13.8811130524
-9.02433490753
-2.41901087761
-17.7018108368
-17.5331859589
-29.539773941
-7.64153242111
6.03712511063
-19.4856452942
-4.23802661896
5.40792131424
-9.68653106689
-13.5226745605
-19.4865951538
-0.771599769592
-4.98973417282
-2.99568486214
-18.6950263977
-0.952914237976
-13.8610486984
1.85920381546
-14.4039506912
-14.1947126389
-11.8588275909
-8.94204711914
-23.5735378265
1.07169497013
1.66137421131
-27.3596878052
-8.77958202362
-0.993808865547
1.77012181282
-3.66389799118
-1.89207577705
-31.2180347443
-10.8597536087
-3.76715946198
1.57316470146
-4.46402215958
5.8973107338
-18.2029933929
-10.213716507
-15.3433904648
-18.0599517822
-1.58223605156
-17.2277584076
-17.8729248047
-30.0813999176
1.40010559559
-23.6743488312
-12.9927034378
-4.99244880676
-11.4788856506
-6.0480966568
-2.3509452343
-15.1138267517
-8.25396251678
-5.92754840851
-21.382194519
-14.6000099182
-20.0282707214
-8.08155345917
-23.8605861664
-10.4578046799
-12.4979286194
4.22881746292
-3.13844871521
-21.7990493774
-13.1932411194
-0.957274913788
2.55376148224
-7.70008230209
-17.9233379364
5.38090896606
-17.2368888855
-3.93217992783
-14.1786632538
-15.915148735
-4.22200393677
-3.92551207542
-16.7519283295
-8.10000514984
2.51750016212
-12.1833763123
-30.8307418823
-9.42800807953
-7.28427267075
-34.1021537781
-0.488744586706
-15.6989774704
1.02391862869
-37.81690979
12.868927002
16.6577777863
-8.57831764221
-9.91462516785
-7.19977045059
-6.62140274048
10.2419214249
-12.5370807648
-10.4755792618
-0.357454538345
-9.99643611908
-10.7474451065
-1.05361366272
3.83673405647
-1.64196336269
-4.95263624191
-6.11123752594
2.56857228279
-27.5436515808
-26.0169143677
-16.0914611816
-20.6777744293
-22.1541881561
-8.39967727661
-26.7347583771
-6.42856550217
-19.0816001892
-27.5761814117
-17.8572006226
-5.98586273193
1.27103221416
-13.8109502792
6.05161714554
-20.2505493164
-29.2782897949
-5.6898765564
-11.2568950653
-6.61140108109
-16.3903541565
-17.0989017487
6.37176704407
-11.6212930679
-12.6630992889
-29.026556015
-2.49174690247
0.986262261868
-11.020316124
-14.4823150635
-18.257478714
-25.4905719757
2.56553554535
-13.8572206497
7.32594871521
5.69840049744
-8.39301109314
-16.8706226349
-17.4200878143
-5.26202774048
-5.86500740051
-26.3405952454
-1.51791059971
-4.84149456024
-9.73209095001
-3.75914359093
-7.46154403687
0.675113976002
-17.5928668976
-12.0083856583
-14.007273674
-20.7737369537
-11.2240495682
-8.00243091583
-18.485086441
-6.62542963028
-5.6742477417
-27.3004817963
-6.07018184662
9.63301277161
-18.597240448
-22.6165390015
-11.0596179962
0.00881281495094
-22.8844947815
-14.8857851028
-15.2400884628
-23.5562896729
-22.2137908936
-24.310092926
-3.49820590019
-19.7376708984
-22.98229599
9.62881755829
-9.84292507172
-17.0074157715
-18.1350593567
-19.3077259064
8.41863155365
-26.7191886902
-33.667098999
-8.17455005646
-6.58574342728
-29.343536377
-28.1661262512
-25.7238674164
-9.120429039
-21.3033332825
-8.1795797348
-5.3367934227
-9.330037117
-6.44506502151
-6.17358350754
-5.94267892838
2.07437944412
1.13494861126
-5.99808597565
-13.3253097534
8.43124103546
-12.1313552856
-10.7038927078
-14.1067972183
-21.0211448669
-1.34526002407
-11.8859510422
-39.7735939026
-1.23405766487
-3.5751388073
-7.09931945801
-33.47996521
-17.7622890472
4.95493125916
-8.12504577637
-1.06506192684
-3.33964014053
4.94877576828
-22.8418579102
1.76906967163
-25.3293533325
-6.95153951645
-15.2930984497
-10.9936876297
-21.5904827118
-8.95292854309
-11.7279148102
-11.7755012512
-10.772687912
-14.4870653152
-6.31013631821
-14.2400188446
-1.57120203972
-7.07617950439
-11.332365036
-13.838886261
-20.2657222748
-13.2888364792
-7.94131851196
-6.93461513519
-8.60149478912
-19.3053264618
-9.70080757141
-7.03286647797
-10.3901052475
-15.6318788528
9.66540241241
-23.4542388916
-10.651342392
4.31136512756
0.53339779377
-27.6709365845
-26.4102325439
-10.7929153442
-14.4579324722
-32.4168243408
-11.5899162292
2.01542401314
-2.46942472458
-10.4775676727
-12.4415454865
-18.4718074799
-4.53211927414
-14.7158260345
-17.6198692322
-11.9279851913
-1.74831616879
-7.70210266113
-16.0235710144
-13.0149669647
-15.2889785767
-6.56724214554
-14.4608392715
-13.3597745895
-10.2919273376
-16.3047122955
-7.15192508698
-22.7288856506
-8.95164585114
9.16914272308
-5.5614066124
-6.3344373703
3.36561107635
-19.6154880524
-20.1529178619
-23.2503910065
-16.6154994965
-12.9559049606
-13.6126470566
1.54232001305
-8.58290481567
-13.4258909225
-11.5203704834
-10.7743186951
-19.1289329529
-6.24138832092
-7.63110733032
-23.5955238342
1.18138432503
-15.4401855469
-12.5315322876
-13.2832336426
-21.4460105896
-20.8207778931
-14.1773376465
-39.5518455505
0.313236773014
-12.4102401733
-9.31990146637
-1.76191270351
-27.7973060608
9.43225574493
-13.4587898254
-18.1952896118
4.9244427681
-19.4653167725
-0.368103563786
-3.42409968376
-4.5188126564
-21.9974975586
-1.90629184246
2.21187853813
-25.2323570251
-18.7393875122
-20.4551868439
-14.5253839493
3.1911945343
-17.2773189545
-21.1766357422
-24.5447406769
-14.7475280762
-8.79039287567
4.10922527313
-10.0363721848
-13.5203905106
-2.45666980743
-5.71970176697
0.0718920826912
-8.2911233902
-13.5670404434
-26.4476566315
-7.97486305237
3.96016764641
-3.65343236923
-28.9584140778
2.2784485817
-6.91782665253
-15.9037160873
4.6191444397
-0.878774166107
-7.14984083176
0.378169119358
-12.2723827362
-6.59430360794
-12.5321912766
-30.1160678864
-10.007982254
7.59824609756
-11.2574501038
-22.7955322266
-17.129776001
3.58573007584
-9.08359909058
-4.86313390732
-5.3467092514
-5.4785733223
-6.6778383255
-11.2053804398
-30.1923999786
-12.0709037781
-12.9369068146
-0.0941189303994
-8.5294046402
-20.1423664093
-31.1940250397
-5.19778442383
-23.5158176422
-27.6457958221
1.30785536766
3.73594927788
-4.2999830246
-0.794065713882
1.80599927902
-26.9424514771
-10.9093608856
-12.6167984009
-23.3004798889
-15.9214353561
-15.3610963821
-32.545589447
-13.3907604218
-25.9876174927
-25.1360473633
-13.1345348358
-12.2441864014
-16.8482227325
-26.3698158264
-15.234711647
-14.9679269791
-15.2035417557
11.1739664078
4.2728600502
-20.1529788971
1.04279482365
5.66271734238
-4.15848588943
3.58611369133
-2.36094689369
-22.9818401337
-5.65279722214
-31.7690410614
-5.32608699799
-12.2599411011
5.43615150452
-7.92971944809
-16.4042701721
-9.77049160004
-11.2378101349
-0.970654904842
2.72787618637
-20.8840274811
-19.8926582336
0.906225085258
-7.68621730804
-2.37433981895
-1.87712228298
-9.68935394287
-14.7599649429
2.49759602547
10.1728401184
-23.0642604828
2.31299352646
-9.93453979492
-10.2344064713
-30.9881401062
-10.8682909012
-27.0643978119
-19.6794548035
-25.8973293304
-2.68176817894
6.77647161484
-14.8725471497
-10.4123277664
-5.07898807526
-21.0344524384
9.70042133331
-14.8447465897
-1.79114735126
-10.6345510483
-10.9673509598
-17.2496795654
-14.9493341446
-7.7383928299
-5.31552410126
-41.886341095
-13.8491888046
-13.3763122559
-16.917470932
-18.3649749756
5.28086423874
-24.0480709076
-2.75799584389
-11.8415737152
-17.2118701935
1.01629304886
-1.70237541199
-8.2120552063
-14.0006132126
3.20188713074
-12.6079273224
-19.6162548065
-8.48491382599
-12.9328289032
-16.1188049316
-18.9038925171
-20.0438251495
-14.305606842
-9.68897628784
3.26589083672
-1.66044104099
-21.3330402374
-38.4758453369
-12.2391080856
3.19052028656
-15.0222969055
-22.6195011139
-0.723804950714
-0.0977399349213
-25.7488479614
-6.38116550446
9.26526832581
-8.19447898865
-14.9816932678
1.55544877052
-10.2603549957
-24.0791893005
-15.4478149414
-28.1961250305
-12.1831769943
-4.61095714569
-19.6281223297
-13.9728946686
-31.0479316711
-21.66614151
-10.0671625137
2.13194084167
-3.55359196663
-2.85015273094
-31.913974762
-24.8471050262
0.309960842133
-20.0762691498
-0.447743594646
-37.7278594971
-11.9614543915
-11.1131353378
3.09762120247
-0.0036296620965
14.9956617355
-47.3835754395
-5.5235748291
-1.29206907749
-12.3887081146
6.75691604614
-16.3049888611
-6.19858980179
-3.06551170349
-9.73383998871
-15.3818664551
9.27681922913
-15.3960294724
-6.69205856323
11.43633461
6.58768320084
-23.9104766846
-25.0130958557
-15.4787378311
-28.0907115936
-6.39854764938
-26.1420936584
-41.4402542114
-4.69548940659
-9.80819320679
-14.1828956604
-1.32208371162
-18.924123764
4.81050109863
-8.62038993835
-16.7917022705
1.32407677174
-19.8298816681
-8.18202114105
5.4834113121
-38.2171859741
-28.2225818634
-8.40464878082
-9.05059623718
-10.63139534
-11.67274189
-18.0339488983
-15.1596889496
-26.0193347931
-37.2972679138
2.29575061798
-16.9826564789
0.926959037781
-19.8971214294
-18.1438369751
17.1368179321
-30.3864631653
-5.35438871384
-2.54669451714
-20.0178413391
-7.10217666626
-17.8053417206
9.05602741241
-11.0258979797
-27.2805290222
-14.3362941742
8.48379707336
-19.2104816437
-26.5611000061
-29.7081508636
0.0867846682668
-11.973950386
-4.71960020065
-6.94684553146
-9.17275047302
-12.1695585251
15.8927669525
-6.2565331459
-13.1851501465
-11.9588880539
-22.1561260223
-19.5262622833
-3.21285367012
-5.34584665298
-5.93265390396
-29.4245796204
4.54837036133
-31.2275485992
4.97579097748
-29.9381103516
-13.5133504868
-5.63256597519
4.05116081238
7.0399684906
-21.3782291412
-2.49775290489
-5.091817379
-9.28192329407
2.46241950989
-9.08178901672
-37.1486091614
-29.4019985199
11.1197404861
-8.73012065887
1.01648783684
-2.55217647552
-12.8419179916
7.93153047562
-5.441010952
-13.7986698151
-6.90777397156
-7.06619644165
-22.0712394714
-18.3396549225
-30.0174064636
4.24046897888
-9.16177558899
-14.4775657654
-20.4620990753
-18.1519107819
-13.5966730118
-12.9420423508
-16.7076282501
-2.93629407883
-18.7853317261
-14.6069202423
-26.2689247131
-4.0404791832
-8.76189517975
-19.4401054382
-19.4403686523
-16.2722568512
-27.8451900482
-14.2336950302
9.20449638367
-14.5670471191
1.4506560564
-10.7594032288
-20.8018417358
-32.4991531372
-1.74059736729
-31.4897022247
-2.03389978409
-10.9590024948
-2.68456721306
-16.1734828949
-17.1323699951
-1.92571640015
-13.484749794
-7.24902868271
-23.5018939972
-14.0458850861
-9.69798469543
-4.36718177795
2.34411358833
-7.79051303864
-11.3156929016
9.166929245
-16.3310070038
-2.74769949913
-20.1607894897
-10.5625638962
-12.7757301331
-6.70316028595
-10.752831459
-7.23648118973
-11.7423963547
8.78255081177
-21.4289340973
-20.9526157379
0.28127810359
0.89446502924
-4.94367647171
-28.1566085815
-18.1091213226
-4.21851968765
-7.70532894135
-29.0805912018
-9.90870094299
3.72107720375
-27.2036685944
-20.5923442841
-5.66171836853
-5.19295120239
-11.9734926224
10.1743888855
-35.6367530823
-17.1250209808
-17.4791069031
-6.4338593483
-12.820898056
-23.1317920685
-15.0533180237
-5.42001199722
-15.6333656311
-28.4279899597
11.7347841263
-21.9078025818
-3.10606694221
-26.1659469604
-11.6725730896
-20.7787342072
6.95606374741
-43.8623962402
-6.46804475784
-21.7536964417
3.28022885323
-2.39186620712
-9.45210552216
-32.8707885742
-0.77701318264
3.61686730385
3.18551707268
-27.9400882721
-11.4142179489
-5.98576831818
-9.56009578705
0.916454076767
-32.7404823303
-3.57504582405
-9.21206665039
-5.7865986824
-9.51621818542
6.22868776321
0.934793949127
-8.5440158844
-2.59963655472
-17.2745227814
-14.9198560715
-10.8453617096
-8.42664051056
-26.5859832764
13.9134311676
-7.66758155823
-2.8462061882
-4.04387187958
-0.878423333168
-8.44846248627
-22.159620285
-8.02004241943
-0.759865581989
-8.18584632874
-29.9444885254
-2.60682463646
-3.47626328468
1.55561387539
2.26323914528
11.9969921112
-6.27454042435
-19.6528549194
-18.2411079407
-26.9079456329
-11.5460853577
-9.44818305969
-0.649029135704
-34.3387336731
13.634519577
-9.80233097076
1.15792226791
-19.5513973236
-21.1990451813
8.6619977951
4.6796412468
-32.4930343628
-27.4399585724
-16.4696941376
-15.2780170441
-26.775812149
2.53839445114
-5.55994939804
-0.461909145117
-22.7006587982
-29.8129405975
3.35654401779
-9.04802799225
-12.7883558273
-17.895029068
-11.7224903107
-17.0448303223
-15.6206703186
-3.02828884125
-33.1395988464
-19.7115306854
-16.1255397797
-16.3184165955
-19.5691184998
-8.75821495056
4.92025852203
-5.37390708923
9.44835948944
-14.0433387756
-5.98781347275
-20.6312160492
3.88197660446
3.20730304718
-17.0926933289
-8.51167869568
-13.5452623367
-3.60824584961
-21.9009971619
-30.3570709229
-24.9659633636
-20.4340591431
5.77480554581
-29.4900226593
-26.6362476349
-5.3100566864
-24.2639198303
-6.07861471176
-19.056760788
-19.9104804993
-17.9902706146
-5.9133515358
-8.95507049561
-15.2750492096
-13.4039134979
-26.3173046112
-3.17716741562
-5.27761745453
-6.98230361938
-7.95653486252
-31.384973526
-31.07563591
1.97683930397
-22.1052093506
-5.50734376907
-6.72738265991
-9.74764633179
7.7976398468
-14.7104167938
-26.5314445496
-11.3322458267
-11.9965429306
-11.0117311478
-30.8047046661
-13.1844978333
-7.14695596695
4.03555440903
3.23860645294
-7.90043592453
4.19073104858
2.2461335659
-5.80212163925
-4.79811286926
-7.45493030548
-29.7242202759
-12.5547533035
-14.9076623917
2.64484095573
-21.3837299347
-11.2629499435
-14.2328462601
-20.0574798584
-12.6568536758
-17.0418014526
-0.635186076164
4.9227347374
-31.9622440338
-7.50888395309
-0.953981041908
-7.3037147522
-18.6820220947
-2.85997033119
-4.1736664772
-40.470199585
-15.532289505
-5.44156837463
4.08643722534
-9.83631515503
-2.30932974815
2.2415895462
-17.2035255432
-11.0074205399
-7.71672391891
-32.8018798828
-8.6820526123
-14.7786006927
-12.2701463699
-5.95153808594
3.70734620094
-12.2533626556
-23.8102474213
-1.42323994637
-19.6523246765
-15.790599823
-21.6574840546
-12.3159799576
-2.05155825615
-18.6619758606
2.21015048027
-4.70932292938
-6.16781282425
-28.0404891968
-9.78284931183
-11.830119133
-15.3883600235
-25.2975387573
-4.68092727661
4.54273033142
-17.1665782928
-25.4520988464
22.0936470032
1.0539277792
-15.9110040665
-4.26970052719
-20.7746257782
-12.8257427216
-11.956697464
-5.07082700729
-16.0726013184
-32.0382041931
1.19567334652
-32.2869224548
1.16526269913
-18.5034694672
-12.9178180695
-5.7974357605
-6.21004867554
-4.89784193039
8.91242694855
6.23509645462
-6.7131152153
-30.8179416656
-3.51543259621
-14.0441761017
-20.2450885773
0.542389571667
1.99191653728
-10.441113472
-24.7437019348
-17.9360713959
-18.0041542053
-6.07956361771
-24.2741508484
-24.9044017792
-21.4071235657
-11.1304416656
-25.3248596191
-13.5857858658
-13.984582901
-3.57544064522
-36.9261283875
-28.1426639557
-1.47306597233
-1.90967905521
-35.4382476807
-14.1601486206
-23.1735839844
-5.13070058823
-15.6668100357
-7.37888383865
5.27997636795
-7.14933252335
-43.4878196716
-6.24984502792
-29.4913597107
-8.32721805573
-2.67188715935
-26.1424160004
-29.9084606171
-5.86031913757
-29.7023220062
-16.0190525055
-22.5800495148
-10.3685846329
-10.5068817139
5.8963303566
-29.5149974823
-6.40696954727
-10.609161377
-37.3442649841
3.2352540493
-19.2795734406
-0.775598049164
-7.79262828827
-3.63008880615
-12.2489500046
-6.46853637695
-22.5591239929
-26.3390903473
-16.7950210571
-5.11567926407
-17.3171806335
0.877278745174
-5.61779403687
-1.05885159969
-4.72099494934
5.89400959015
-5.69773197174
-23.4313621521
-35.9743385315
-21.1861305237
-11.1631450653
-13.1998205185
-7.81253576279
-9.80862045288
-17.6035690308
-13.0347900391
0.0102740302682
-15.416724205
-15.6344280243
13.5455875397
-22.0790500641
-8.19578742981
-13.7976970673
-36.4270477295
-26.8537445068
-12.587761879
-14.1528968811
-15.3401288986
-22.6515884399
-20.174200058
-24.2035427094
-5.81299209595
-3.58491015434
-20.4383926392
-8.16466426849
-8.09188938141
2.38219928741
-17.7531051636
-5.06183624268
-2.76919698715
-0.400601327419
-1.21877300739
-24.7300338745
-6.47049379349
-11.4154911041
-8.39006996155
-14.7647829056
-29.1881713867
-29.2347297668
-15.5594425201
-29.9627857208
-8.03470420837
-11.4870901108
-11.5525302887
-17.472776413
-24.2398738861
-3.37763500214
-17.7963199615
-13.7060585022
5.28137350082
-21.6920776367
-14.7241725922
-24.8848934174
-4.74774026871
-8.56007575989
-20.8256912231
-6.11079549789
-4.3919301033
-2.05693149567
-9.65363407135
-12.597038269
-6.47437858582
-18.1892547607
-21.4760284424
1.90464377403
-8.05518436432
-24.7957344055
5.75619792938
-4.77620077133
-6.46629858017
-31.0351276398
-22.3489723206
-37.2518043518
-9.56063461304
-25.507938385
-8.99498462677
-17.6668109894
-1.79049932957
-12.4528493881
-14.4337043762
-9.84543895721
-2.82775139809
0.654534816742
-0.564564704895
-8.21347522736
-18.5286636353
-14.9880571365
-7.39730596542
-23.3425674438
-8.09535598755
-4.15736436844
1.19205284119
0.577678143978
4.45176362991
-2.98082995415
-3.91582918167
-25.660861969
-5.4038567543
0.0755037814379
-45.787776947
-9.7078037262
-9.73486804962
-15.89153862
2.68027043343
-13.3043317795
-2.25676584244
-32.6169166565
-22.1681175232
-2.54582500458
-5.7059841156
-7.67345571518
-19.147321701
-13.767490387
-4.58492994308
-29.9492683411
-6.19598484039
-12.439702034
14.1005773544
-17.4805870056
10.3575267792
-39.1677284241
-31.3053627014
7.43810987473
1.41856205463
-1.7036793232
-2.09051156044
-5.7903676033
-19.2342739105
-7.19516563416
-6.97859096527
-8.53841495514
-5.81667566299
7.98588657379
-17.404668808
-7.18858909607
-9.86481189728
-18.1400470734
-31.1324386597
9.08107089996
-1.32458782196
-4.57487249374
-18.1744194031
-7.21587181091
-20.5627498627
1.80276405811
-9.02681541443
-24.7279567719
-4.85508346558
-21.4192008972
4.40732765198
-22.5259437561
3.56987595558
-6.2761464119
-28.5864696503
-14.5728797913
1.57091021538
-18.1109046936
-12.3216915131
-16.1833381653
-16.6792869568
-18.3212528229
-0.836225152016
-13.5439319611
-11.7389812469
-7.39639616013
-9.53207683563
-2.31553244591
-10.9705543518
-0.580444097519
-5.83623695374
-17.6101131439
4.70501327515
6.06990194321
-12.0435018539
-4.2717795372
6.28291702271
-36.6360244751
-4.64619064331
-6.43436050415
-7.98646736145
11.4625711441
-5.60056686401
-32.5204162598
-14.2879600525
-9.51469802856
-1.90601980686
-12.0413389206
13.6297683716
-26.9388198853
0.616736292839
-8.66342926025
-0.254449516535
-18.1209468842
-6.40157222748
9.31310749054
-0.925450146198
-12.9492797852
-31.9887599945
-35.7348442078
-10.3004903793
-5.8868303299
-5.3406457901
-19.2261486053
-10.6200017929
-19.1311473846
-38.0384712219
-10.3037080765
-21.2563495636
-17.3690910339
-5.05460119247
-15.591588974
-10.2922439575
-22.4397392273
-0.218188494444
-14.1016874313
-18.0413208008
-14.0117607117
5.84904623032
-11.2673225403
-19.5506191254
-7.70620918274
-13.6099071503
-28.6230678558
-9.38082695007
-11.4977893829
-21.1833095551
-17.3397979736
3.62257456779
-15.001209259
-21.9447536469
-24.0732650757
-19.501493454
-3.19961857796
-7.01976156235
-20.6828136444
-33.6074409485
5.26019334793
-27.152885437
-0.595420062542
-17.7864513397
-22.35729599
-17.1702651978
-32.6412467957
-29.2371368408
8.88844585419
3.94656467438
-5.27858161926
-20.9710502625
-10.1710243225
-6.58357191086
-25.9365024567
-1.93752753735
-14.0144701004
-20.8355808258
-15.7973070145
-12.307723999
-7.86008787155
-8.41077899933
-8.1833820343
-16.2065792084
3.56823158264
-11.8471021652
-21.4264431
-27.4791355133
0.137989625335
-8.25327396393
6.90457010269
-6.53429174423
12.915845871
-7.70470380783
-24.7675666809
-10.9127922058
-15.1373386383
-6.89894247055
-34.4815864563
-10.7790822983
-20.2373886108
-1.43769073486
-23.4735336304
4.3463973999
-3.28560447693
-17.2161426544
-5.51098966599
-1.54747509956
-22.542886734
7.09208536148
5.66592407227
-18.8028011322
-0.24399459362
-5.98631620407
-19.760881424
-17.0015869141
-9.49054145813
-18.3807907104
-5.93394422531
-18.1874294281
-34.9939994812
7.37618494034
-24.7135944366
-20.0307884216
-3.33189034462
-10.6615858078
3.36666369438
-6.494535923
-4.30746459961
-10.1565303802
-11.6858043671
-0.000601291656494
-24.3941287994
-11.2687902451
-16.9184398651
-15.0628032684
-5.84025812149
-25.48295784
-12.7819900513
-8.47381687164
-9.27641868591
-13.6488666534
-19.3202095032
10.1643733978
-25.3779811859
-8.52697658539
-33.2785110474
-1.09365975857
-11.9720687866
-19.369020462
4.30253648758
-12.9519252777
-35.4422225952
7.75939750671
10.2666683197
-2.60290718079
5.26700592041
-15.4060316086
-2.79207038879
-19.8795681
-22.0975131989
0.0227812156081
-15.8392753601
4.17357826233
-22.9147815704
-29.5140838623
-12.4415969849
-24.2274227142
-23.4999027252
-7.05786037445
-5.64839982986
1.24475264549
8.88842105865
-7.03856754303
6.17251777649
-9.22704029083
6.06237649918
-9.24667263031
3.27180814743
-27.2662067413
3.47402453423
-20.5047245026
0.821589767933
-10.1468238831
-15.5805435181
-7.47519016266
-20.4176521301
-20.5073471069
-4.28229427338
-7.63519096375
-10.8012666702
-12.2877445221
-8.30041885376
-4.93989944458
-14.1207714081
-3.22902178764
-39.2853813171
-9.64784049988
-10.7412481308
-18.8432598114
-22.6164226532
-2.84164309502
-6.92637205124
2.7318277359
-18.794342041
-3.40721297264
-2.65588402748
-1.69483411312
-31.0153656006
-17.0285015106
-24.1423149109
-10.7818593979
-20.6654205322
-4.31039047241
-36.5477714539
-6.17887783051
-16.3707637787
-12.381023407
7.74771404266
-9.74631309509
-11.5541973114
-2.00894904137
-3.41593670845
-7.38268089294
-9.82458782196
-27.9237594604
-18.1620922089
-18.1108150482
-33.3511619568
-13.8337392807
-1.47868335247
-8.34136581421
-7.81038093567
-6.30901622772
5.23190402985
-21.4218502045
-17.749420166
-6.53774118423
-6.17160701752
-13.3904218674
-15.4213895798
-22.1816291809
-5.82735061646
4.07590818405
-14.8617763519
-5.7602148056
7.42793321609
7.46985721588
9.96695613861
-12.3417577744
-25.0252742767
-6.70778608322
-8.35182189941
-12.0333013535
-15.3581399918
-8.9468460083
-8.64662265778
10.0283594131
1.40387904644
-30.3379058838
13.0914964676
-8.7705783844
-10.6022357941
1.68810331821
-3.01620841026
-9.95950603485
0.610606193542
1.57726204395
-17.776632309
-11.2849798203
-12.8532419205
-0.0425359085202
2.59182024002
-22.3375759125
-26.755657196
-9.1255531311
-13.4074859619
-2.60407829285
-11.2928237915
-6.83802556992
-15.4380455017
0.373646318913
-7.41976499557
-3.52763700485
-32.4479370117
-22.4667797089
-25.8479804993
-14.0890655518
-24.8964729309
-5.14155197144
-8.64270973206
-28.8974647522
-14.8403749466
-22.6457481384
-3.4379594326
-17.0133934021
-34.5181350708
-13.3202362061
0.201496392488
-25.634645462
-9.63687515259
-3.63780021667
12.6995716095
-24.6470756531
-17.8784770966
-18.6945171356
-26.5841026306
-13.9966020584
4.02914810181
-15.1373548508
0.878892242908
-19.6367912292
0.045686788857
-5.87989330292
-10.7012453079
-16.1899700165
-13.2750768661
-9.94821166992
-3.79768657684
-14.4739217758
-27.8284320831
-13.7094945908
-11.1935186386
-19.0846576691
-8.9409122467
3.97401809692
-7.01185417175
-2.08162641525
-5.71670484543
-19.3473491669
-8.33139514923
1.88869512081
-6.32302761078
-15.2168712616
-4.77864646912
-17.492515564
-31.3323116302
-21.8126983643
-12.5441141129
-7.61880350113
0.403036385775
-14.7290229797
-16.1163101196
-2.78284263611
-15.4242429733
-2.54822301865
3.27662706375
9.59049797058
-2.87677574158
-3.98713803291
-5.07483577728
-19.6609535217
-39.1282234192
-3.80849099159
-9.02124404907
-15.46778965
-23.1267719269
-9.83903503418
-10.7157745361
-4.12798833847
-19.9159507751
1.61454975605
-13.1397504807
-17.866437912
-28.5576992035
-6.76971149445
-30.7827301025
-16.3478279114
4.97096681595
-17.1116046906
-18.1849422455
-14.3307619095
-28.7363872528
-2.24232554436
7.33657550812
-28.0290794373
1.01100873947
-9.09353160858
-0.960402369499
13.3819303513
-23.2213993073
3.14636468887
-11.5863904953
-12.1968412399
-19.5916099548
-9.80265903473
-23.9675884247
-8.65386486053
-21.2163658142
-10.0912485123
-3.19628691673
-45.0188293457
5.92031478882
-0.924851894379
-8.27768516541
-31.6246452332
-8.64965248108
-16.2990722656
-14.9281835556
-26.755865097
11.7727794647
-10.3874673843
-16.1531906128
-21.058172226
-2.21178483963
-1.53003025055
-22.8260879517
-23.5423965454
14.8689565659
-13.9966917038
-9.24369907379
-8.86496543884
4.40001916885
-34.057308197
0.4292114079
-17.5279350281
-25.0590400696
-14.9179725647
2.22721672058
-21.8554515839
5.71640443802
-8.06094169617
-21.4265575409
-2.45159006119
-15.1786766052
1.1024389267
-11.1206626892
-17.0948886871
-17.7601776123
-18.0060443878
-9.33407402039
-14.7332696915
8.14457130432
-21.6945133209
0.641507446766
-15.1704492569
5.45232582092
-0.879560351372
0.370713144541
-31.5683135986
-0.0637414306402
-5.31762361526
3.79725050926
-9.9100446701
-8.20092773438
-4.49378490448
-22.4848079681
-3.4510948658
-20.247674942
-15.1541013718
4.56021213531
-17.4958572388
-18.9572734833
-11.1938085556
-12.9622001648
-16.8901805878
-3.77238631248
-5.20120620728
-12.9375486374
-5.33773851395
-6.16027784348
-4.62065601349
-18.8210334778
-13.8535165787
-20.366765976
-9.08694839478
-31.7360877991
-0.97989577055
-13.4685497284
-26.3091335297
-11.6773290634
1.3457839489
-4.45908164978
-12.9071960449
-3.59490704536
-21.6337871552
-5.9322309494
4.26875448227
-10.9972753525
-14.6014318466
-6.17565059662
-12.3893060684
-25.6115589142
4.60479450226
-26.2335720062
-11.120839119
-28.3609428406
8.91555976868
-7.63141870499
-14.840218544
-22.4029006958
-3.24592137337
-29.8065757751
-15.2439661026
-5.25204896927
-16.5556774139
-10.376616478
8.45722103119
-4.82481145859
-26.5142631531
-10.4399013519
-13.4593191147
1.98623526096
-29.446937561
-29.2616729736
-21.0584106445
-25.7308044434
0.00711645185947
-13.970079422
-0.482914239168
-7.56097745895
-18.8456459045
4.1209192276
-0.741095662117
-29.4540710449
-10.107676506
-13.3558292389
2.00572729111
-5.4123468399
-17.3783226013
-17.3834629059
-42.7811126709
4.3909869194
-5.47766971588
-4.46077013016
4.7323217392
-0.564108431339
-23.7589035034
-16.1545753479
-23.7330055237
4.70859050751
-24.0098667145
-20.8632392883
-1.19649100304
-12.6750326157
-11.7266807556
3.71978020668
2.80625939369
-0.875210821629
-0.5517167449
-12.1394309998
-17.2146053314
-21.6044826508
-9.68570899963
8.96628761292
-16.9154014587
-5.75789308548
-16.5792179108
-3.9295437336
-0.808721899986
-22.0965328217
-10.921333313
-12.6642904282
-3.69959831238
-8.15937042236
-0.541783392429
-9.02370166779
-9.08909130096
1.98830795288
-5.45811986923
-19.3217964172
-2.89259910583
-22.1711158752
-10.3490819931
-34.513835907
-5.30274534225
20.0660400391
-7.04583930969
-15.2635116577
-8.39040470123
-16.5362625122
-16.6970272064
-2.78215909004
-17.2525157928
5.53704595566
-21.3021221161
-25.9498214722
-15.2177095413
-7.38070249557
-7.14104175568
-20.6260166168
-8.86899185181
-10.8889694214
-19.3193855286
2.70442271233
-18.1478633881
-10.3375864029
-28.7723617554
-12.0493001938
-0.988449215889
-21.8028507233
-7.66220283508
0.899245619774
2.89036941528
-10.006114006
-14.7605543137
-17.1161079407
-24.4096946716
-12.2198524475
-0.574143946171
-6.7961101532
-25.254907608
-12.3782405853
-18.8801746368
3.53331375122
-11.5459871292
-12.1692237854
-2.10920143127
-14.7825393677
-24.7012310028
-32.9218406677
0.547144830227
0.324038386345
-6.71454000473
-30.7729759216
-6.58398723602
-8.5658121109
-11.8879137039
-16.577041626
-22.1146907806
-0.0580531209707
-7.82664489746
-24.4048099518
-22.5133514404
-28.4622383118
-5.75129938126
-25.236410141
-8.61781978607
-6.09239244461
0.0496508404613
7.98534393311
-23.463602066
-1.89837276936
-4.18713951111
-13.9817504883
-4.03674268723
-12.5397901535
-5.66564750671
16.8168544769
-13.7574710846
-14.0695800781
3.22257900238
-21.6043491364
-7.57435417175
-22.14311409
-14.5802373886
-21.9974575043
-19.4811515808
-25.0220565796
0.0787323713303
-21.4773445129
-5.47382450104
-9.57863903046
-19.140832901
-7.13944768906
-36.4131393433
-11.7959003448
-29.0790748596
-7.24937486649
-27.050031662
-12.791844368
-19.5140094757
-13.0660591125
7.24650239944
-16.7101516724
-15.5907154083
-0.355497688055
-6.61177444458
-15.3742389679
-20.6597537994
-13.9170913696
-10.3157949448
-12.4787406921
4.90667486191
-20.3754482269
-3.61965036392
10.7376270294
-30.8573627472
-10.2110109329
-17.1177921295
-11.5105457306
1.51901733875
-11.8590488434
-1.82298672199
-23.0111751556
-5.70367050171
-9.40837860107
-8.17783355713
5.32996320724
-29.8001308441
12.3714399338
-0.679819345474
-10.6764783859
-12.5931882858
-6.61965608597
-4.90643787384
-1.51728546619
-2.79752421379
-17.8020038605
3.53519964218
-23.0045146942
2.15893030167
-29.0656967163
-24.2845802307
1.90576672554
-13.1002473831
8.89200496674
14.0692644119
-11.0004863739
-5.2124838829
-9.33053779602
5.88277435303
-18.2482738495
-18.6535015106
-12.9135951996
4.29372835159
-22.0256900787
-8.83362007141
-17.3920497894
-23.3109760284
-5.3450422287
-9.46254444122
-10.5092554092
-18.4863204956
-8.58922863007
-27.097486496
-23.5677585602
-8.97678947449
-2.47397232056
-17.3668136597
-16.9609775543
0.358980357647
-25.3475646973
-0.455333441496
-7.66290378571
-21.1490955353
-5.440969944
-1.75356352329
-6.5536866188
7.53292512894
16.0614624023
-1.36153542995
8.03798961639
-26.3463554382
-23.6121921539
-20.8081130981
-36.2985267639
-13.7554311752
-30.3873844147
-24.3199234009
-6.11880493164
-9.87399768829
-3.00918030739
-11.4375352859
-21.3544616699
1.60682606697
-21.0363025665
-11.1666526794
-9.93275547028
-23.6218509674
1.05740201473
-13.8305625916
-22.0444774628
-4.71755933762
-16.3515815735
-11.0235242844
-7.21858644485
-10.6122016907
6.93204212189
-13.5112886429
-6.59813594818
-0.715040326118
-20.425611496
-15.1834936142
3.13711571693
10.1392230988
-1.78252339363
-15.3603210449
-13.3216314316
-18.1363372803
-32.6046676636
12.276219368
-26.0530567169
-8.63434314728
-15.0223340988
-11.8280611038
-20.1990470886
-2.31604886055
-5.64469718933
-34.1191711426
-10.2219381332
-3.71299338341
-10.1459026337
-4.82293558121
-14.3430309296
-15.4011201859
-2.88653874397
-13.0576763153
-7.41819953918
-12.3075971603
8.74264431
-4.68125963211
-27.2607364655
-18.6597995758
0.283172786236
9.76712799072
-17.5916137695
-12.3999433517
-16.404296875
-7.93227863312
-12.7219924927
-1.13211119175
-24.030424118
-32.0926856995
-17.5249195099
-13.2444114685
-9.45394802094
5.27171421051
-29.2563266754
2.88739609718
-1.39340341091
4.93779659271
-12.6846046448
-7.80531358719
-2.60802698135
-11.4207725525
-2.84567141533
11.8909444809
-36.4844818115
-2.07237124443
-23.7877559662
-18.9893112183
-4.84899139404
-28.6710071564
-23.1648693085
-23.0192966461
-0.684169769287
-5.26664304733
0.698833823204
-22.518705368
-25.4406509399
-19.842004776
-11.8189220428
-0.296787083149
-10.3476467133
-6.49283456802
-21.9268169403
-13.2876434326
-18.1249351501
-4.30807685852
-16.2524623871
-16.9735507965
-18.0219192505
20.8524494171
3.64965796471
-22.3948459625
-18.2491931915
-2.4733235836
-10.9947395325
-15.692896843
-9.61783695221
-11.5370388031
-12.3214130402
-31.1269073486
-35.8968200684
-9.44334888458
-10.6771364212
1.73188245296
-17.8370914459
-15.5999231339
-18.7295055389
-32.4108581543
2.40585041046
-23.9988498688
-12.6138114929
-12.2836847305
1.27845561504
1.9773452282
4.0526266098
-13.6405487061
-36.093460083
5.20596504211
-11.3090982437
-25.3100261688
-28.131072998
-39.6128120422
-16.7028274536
-12.1538772583
-20.6743068695
-19.1090908051
-20.0447406769
-16.2736968994
-12.9708852768
-17.9086685181
-18.9761447906
12.9624185562
-8.42636680603
-3.05948615074
2.97427797318
-2.09500813484
3.76562213898
-0.999903678894
-9.67327976227
-13.1873140335
0.0837415084243
-34.951587677
-14.3385982513
-4.76023340225
-7.70303916931
-7.12814092636
-7.95054101944
-23.1714859009
-30.3465633392
-10.3802156448
2.5558052063
-8.49677467346
-3.26444387436
-32.5702323914
-23.6903743744
-20.5040149689
-41.2493667603
-21.1391925812
-11.4821166992
-27.3281898499
-7.71947431564
5.7096157074
-4.77317237854
7.29519224167
-15.2816905975
-8.60104942322
2.92555451393
-13.0624895096
4.979180336
-1.50072860718
-7.41311311722
-5.26315069199
-5.14484643936
11.247885704
-26.7064838409
-19.7313613892
-8.75791454315
-7.83076763153
-9.30000019073
-15.6534767151
-13.3756666183
-18.554101944
-27.1773490906
-20.3516292572
-9.29846763611
-17.8478126526
-23.7505493164
-10.2660064697
-28.3524036407
-7.21306848526
2.83330416679
-7.45377397537
-13.2894115448
-8.60558509827
1.81765127182
-9.05553531647
-3.71560692787
-37.0713310242
-13.6963577271
-11.1336936951
-6.36169099808
-35.8729515076
-12.9847650528
-28.5965957642
-4.40553855896
-19.739812851
-11.9870243073
-9.32699108124
-19.0218429565
-4.90887832642
-8.84427547455
-22.0639572144
-8.57123088837
-24.5389900208
-30.4527835846
-2.0157623291
-2.71853971481
-45.6054153442
-3.45175623894
-17.5284633636
-7.74580860138
-8.3441324234
-1.00918412209
-6.41138505936
-17.1731586456
-17.9194469452
-11.1012182236
3.99180483818
-13.7731723785
-5.12994670868
-7.36250925064
-15.7828159332
-3.15607786179
6.57270765305
-16.6107273102
-11.453327179
-6.23436069489
-0.69083070755
1.15600728989
0.819047093391
-8.16731357574
3.03911566734
-21.9361114502
-3.291015625
1.64812588692
-3.32772231102
-1.33794987202
-16.2831611633
-7.32783508301
-3.02610301971
-7.32531309128
-24.2083511353
0.488274276257
-3.72898006439
2.75742149353
-1.5709426403
0.273510962725
-21.7638378143
-2.3136305809
-13.8298683167
-9.5987443924
3.15779566765
-30.7122001648
-36.6785812378
-8.52291965485
-14.7998609543
-0.721756458282
-15.1299314499
-21.2129421234
-17.0059490204
-26.6284751892
-16.1653652191
-11.3308105469
-20.059923172
-14.5914564133
-5.33975172043
-4.41125392914
-13.1946048737
-12.2184848785
-5.26182365417
-6.22215270996
-21.30194664
-5.76308679581
-10.2371196747
-14.5608949661
-19.9065494537
-14.8578796387
-5.56067800522
-7.5349187851
-20.7462654114
-8.0069732666
-19.4435043335
-6.02732944489
-7.51119422913
11.7453041077
-21.1869735718
-18.5776824951
-4.88431072235
-8.51129722595
-6.31919527054
-15.4610080719
4.15684509277
1.58955526352
-34.8914031982
-7.37974500656
-11.9550704956
-9.82416725159
-7.47946166992
-16.5032081604
-17.6457920074
-9.10865402222
-3.98473262787
2.48810625076
-20.775144577
6.95049095154
-18.0310134888
-17.0870723724
-13.0255317688
1.26855587959
10.8205184937
-36.2331924438
-6.93287849426
-6.31380987167
10.2745447159
-12.822804451
-11.905254364
-30.2494335175
-1.68639755249
5.39840269089
-27.9213924408
-19.386680603
-3.35867261887
-11.5309286118
12.3735971451
7.86158895493
-7.10429334641
-19.2344284058
4.11493015289
-1.24517846107
-12.5998382568
-0.500152230263
-15.3044080734
-2.04203009605
-8.8324098587
-6.63795948029
-7.06768369675
-10.1575679779
6.36805915833
-3.57584190369
-14.9484386444
-3.57827377319
12.8545398712
-15.6819925308
-7.17507791519
-15.9294843674
-5.78599071503
-13.8123321533
-13.0124101639
3.53492665291
-4.92276859283
-0.897273540497
-18.6534671783
-10.0195922852
-15.1259346008
-3.85601949692
-7.27657461166
-11.5366077423
-8.56011295319
-23.7968597412
-21.2229824066
-6.91131544113
-10.3221969604
-15.4494285583
-11.4496650696
-17.4281044006
-3.54642796516
-5.66005659103
-18.3801727295
-22.5186100006
-28.6210975647
-21.4298534393
-12.4314012527
-20.7301979065
-21.4539928436
-23.0668125153
-11.5871143341
1.20251822472
-2.27202987671
-20.2633171082
-14.8858890533
-3.03466892242
-12.3296928406
-32.210269928
-9.29044342041
-17.1125297546
1.23692774773
-2.03196191788
-10.6004152298
-5.2539601326
-5.60573387146
-10.2801427841
-19.9452857971
-8.13497638702
-15.4166355133
3.80128359795
-0.788822591305
-33.1164932251
-9.29207038879
-22.1031036377
8.38461875916
3.9996805191
-22.666557312
11.3968133926
-9.60785579681
-6.14967155457
-16.1263580322
-14.3909597397
8.00211524963
-19.4503173828
-13.8234462738
-15.5156602859
-9.49843883514
-2.26806592941
4.65505838394
1.38951325417
-7.22800111771
-30.8584156036
-4.83093070984
-9.71183204651
-24.3341560364
-11.8989496231
-2.1544854641
-20.4290561676
-11.9096059799
-11.0473566055
-2.11487269402
-11.9037828445
-15.9402112961
-21.7954387665
0.109516769648
-4.63966321945
-13.6452608109
-7.1031999588
-16.7429847717
20.5231590271
-17.1165237427
-14.6014480591
-29.8051490784
-25.5612716675
-2.45446848869
-27.3275547028
1.52100539207
9.05068492889
-11.0877408981
-7.70104980469
-7.06498146057
17.0944194794
0.537144303322
-24.9758148193
-18.3269004822
-11.0939884186
-4.63333702087
-13.0293512344
5.24875736237
-19.2792892456
-3.46780967712
-24.1855201721
-19.3199977875
-25.3502311707
-25.5029220581
5.51207590103
-6.60109758377
-13.2114439011
-23.7834148407
-6.80227375031
3.15284824371
-11.1146554947
-5.37924003601
-2.02709293365
-16.5576152802
-15.5217056274
-12.5482988358
-9.67622470856
-7.40964889526
-13.9566078186
-18.4798145294
-1.5896821022
-11.647813797
-0.824923872948
-16.3556194305
-15.4618864059
-5.26240348816
-22.7535095215
-33.2537879944
-9.20275974274
-9.76956272125
-28.4650306702
-7.72248411179
-18.3418292999
0.964317679405
-17.6814136505
-5.89789009094
-24.6047267914
-12.4658632278
-2.71391201019
0.36388322711
-8.93044662476
-27.6077899933
-3.01094317436
-4.37569618225
-21.0575828552
-11.595243454
-20.134185791
-3.95973420143
1.66575086117
-6.28273057938
2.58813071251
1.82186806202
-46.9701385498
-29.601682663
-10.0451536179
-27.6378860474
-16.1283016205
-24.8888206482
-9.00280857086
-13.2722921371
-4.10601902008
2.16532373428
-8.10274124146
2.33738708496
-19.3642463684
-8.34963607788
-10.0870113373
-14.6347932816
-24.9837207794
2.30498600006
-10.2213039398
1.20792460442
-12.6188955307
-16.3501243591
7.29404687881
-4.15115976334
-21.8532142639
-18.177986145
-10.5485773087
-7.15091276169
-17.8752365112
-5.75809288025
-35.2695732117
-11.3444633484
-7.890645504
-37.8952522278
6.03967618942
-6.87972068787
-16.449930191
-14.1235074997
-17.4300613403
-16.3524570465
-20.3545265198
-9.653008461
-8.54152393341
-27.3390235901
-10.4563627243
-3.09727168083
-4.69695854187
-6.64587020874
-4.5228934288
-24.9922828674
2.01376485825
-19.1254367828
-5.94265270233
5.62708902359
-36.9027328491
-1.17998981476
-4.70294475555
-30.3607883453
8.70364379883
-8.47104740143
-5.79997682571
-7.55556583405
-22.8941955566
10.6489057541
-6.54837703705
-10.2165794373
-16.2493114471
-23.3804473877
-0.839802742004
-27.8306236267
3.81506633759
-13.0440654755
-17.6527404785
-0.265983015299
3.63404941559
-11.1043395996
-0.885419726372
-14.1460866928
-19.9294033051
-16.7354202271
-15.5123605728
-1.3856831789
4.45389270782
-7.63604736328
-19.5616168976
-4.25758743286
9.14686489105
-23.3917617798
-4.75082969666
-12.4221992493
-7.140229702
-6.63374614716
-9.2061958313
-11.638422966
-14.3697385788
2.18156552315
-28.0880146027
-17.5525283813
-21.6935195923
-15.1117515564
-6.79475688934
8.94923400879
-2.14804434776
-16.1390209198
-10.4455938339
-10.8738431931
-7.70632839203
-9.68607616425
-34.5396232605
-34.732383728
-9.56539154053
-12.9425106049
8.16839885712
-11.7206583023
-8.4646396637
17.3861637115
-7.54205179214
-11.5690069199
2.36285448074
-6.18907737732
-11.7389211655
-15.8016242981
-5.1867313385
-35.6706314087
4.81937026978
-20.356174469
-31.5683956146
-7.29621553421
-15.803150177
-16.1415710449
-6.76805686951
-16.4151630402
-29.8019676208
-1.18662440777
-4.33302402496
-19.4683055878
4.88207912445
1.68645501137
-3.45432186127
3.82991933823
3.51223373413
-25.7737236023
-21.6956367493
-23.0156917572
-21.2015190125
-44.9624671936
-0.285062253475
-12.5929660797
-20.68983078
-13.5088720322
-12.6407804489
-3.90049338341
-23.266456604
-8.20695400238
